195001	27,13 00,00 30,58 935,26 112,71 27,02 00,00 20,62 00,00 28,90 835,36 140,16 20,39 00,00 08,15 00,00 05,77 33,27 70,80 08,08 00,00
195002	30,94 00,00 27,25 742,35 88,05 32,19 -00,00 23,20 00,00 25,66 658,28 110,59 23,88 -00,00 08,07 00,00 05,55 30,83 68,84 08,25 -00,00
195003	37,87 00,00 22,33 498,71 58,96 39,53 -00,00 27,37 00,00 20,86 435,03 76,21 28,66 -00,00 08,92 00,00 05,84 34,11 65,47 08,73 00,00
195004	47,76 00,00 18,25 333,09 38,22 49,34 -00,00 34,93 00,00 17,14 293,65 49,06 36,32 -00,00 08,59 00,00 05,16 26,62 60,07 08,38 00,00
195005	57,88 00,00 14,92 222,62 25,78 59,36 -00,00 44,66 00,00 15,25 232,65 34,16 45,82 -00,00 07,73 00,00 04,57 20,93 59,21 07,49 00,00
195006	65,49 62,60 12,64 159,73 19,30 66,67 -00,00 52,02 48,29 12,79 163,62 24,59 53,36 -00,00 07,44 00,00 04,27 18,27 57,49 07,28 00,00
195007	69,37 67,71 11,13 123,78 16,04 69,34 00,00 57,67 55,23 10,81 116,78 18,74 57,97 -00,00 06,72 00,00 03,82 14,61 56,87 06,74 -00,00
195008	68,22 00,00 11,37 129,20 16,66 67,89 00,00 56,21 54,03 11,47 131,66 20,41 56,03 00,00 06,32 00,00 03,67 13,50 58,13 06,27 00,00
195009	61,77 58,32 13,55 183,71 21,94 60,29 00,00 51,24 46,84 13,37 178,63 26,09 50,00 00,00 06,94 00,00 04,31 18,61 62,13 06,95 -00,00
195010	53,59 00,00 17,67 312,13 32,97 52,33 00,00 42,89 00,00 16,63 276,59 38,78 41,70 00,00 07,08 00,00 04,66 21,70 65,83 07,04 00,00
195011	39,34 00,00 23,23 539,40 59,04 37,15 00,00 30,78 00,00 21,26 451,85 69,05 28,93 00,00 08,22 00,00 05,64 31,82 68,59 08,14 00,00
195012	31,95 00,00 24,71 610,36 77,34 30,70 00,00 25,06 00,00 21,94 481,25 87,54 23,77 00,00 07,51 00,00 05,40 29,18 71,94 07,27 00,00
