194401	46,57 00,00 25,59 655,07 54,96 47,47 -00,00 36,68 00,00 23,92 571,95 65,19 37,46 -00,00 07,46 00,00 04,96 24,61 66,54 07,39 00,00
194402	48,20 00,00 25,63 657,03 53,18 48,88 -00,00 38,60 00,00 24,13 582,21 62,51 39,53 -00,00 08,00 00,00 05,05 25,49 63,12 07,94 00,00
194403	51,32 00,00 24,26 588,60 47,28 52,02 -00,00 39,63 00,00 23,39 546,97 59,01 40,01 -00,00 08,32 00,00 04,98 24,84 59,92 08,29 00,00
194404	57,85 52,68 19,17 367,54 33,14 59,00 -00,00 45,44 00,00 19,48 379,56 42,88 46,75 -00,00 08,11 00,00 04,68 21,93 57,76 08,05 00,00
194405	64,89 59,57 15,76 248,30 24,28 66,10 -00,00 52,29 45,87 16,28 265,07 31,13 53,87 -00,00 07,41 00,00 04,23 17,93 57,12 07,20 00,00
194406	69,43 65,98 14,06 197,72 20,25 70,21 -00,00 57,81 53,80 14,02 196,70 24,26 58,42 -00,00 07,32 00,00 04,06 16,47 55,46 07,24 00,00
194407	71,69 68,99 12,64 159,77 17,63 71,88 -00,00 59,94 56,88 12,41 153,98 20,70 60,15 -00,00 06,84 00,00 03,68 13,51 53,74 06,83 00,00
194408	71,54 68,89 12,72 161,67 17,77 70,94 00,00 60,22 56,87 12,83 164,64 21,31 59,75 00,00 06,84 00,00 03,76 14,17 55,06 06,81 00,00
194409	67,57 63,80 14,12 199,46 20,90 66,72 00,00 56,95 52,27 14,49 209,98 25,44 56,38 00,00 06,82 00,00 04,06 16,46 59,53 06,87 -00,00
194410	60,99 54,32 16,57 274,59 27,17 59,90 00,00 49,99 00,00 16,58 274,85 33,16 48,49 00,00 06,98 00,00 04,47 19,97 64,01 07,00 -00,00
194411	52,29 00,00 22,30 497,10 42,64 50,54 00,00 42,87 00,00 20,83 434,05 48,60 41,29 00,00 07,35 00,00 04,84 23,42 65,86 07,32 00,00
194412	46,33 00,00 25,50 650,39 55,05 45,70 00,00 37,19 00,00 24,02 576,87 64,58 37,06 00,00 07,48 00,00 05,24 27,43 70,06 07,40 00,00
