193901	37,84 35,91 08,41 70,71 22,23 37,86 -00,00 33,49 31,10 08,22 67,51 24,54 33,48 00,00 10,69 00,00 06,84 46,77 63,96 10,44 00,00
193902	37,14 34,69 08,82 77,85 23,76 37,92 -00,00 31,31 28,14 10,01 100,11 31,96 32,14 -00,00 10,45 00,00 06,91 47,77 66,15 10,63 -00,00
193903	38,71 35,28 10,56 111,54 27,29 38,68 00,00 32,73 30,34 08,57 73,46 26,19 32,75 -00,00 10,37 00,00 06,28 39,42 60,56 09,94 00,00
193904	50,05 47,83 09,72 94,48 19,42 49,96 00,00 40,29 38,57 07,39 54,61 18,34 40,48 -00,00 09,82 00,00 05,62 31,59 57,26 10,07 -00,00
193905	54,18 52,50 09,40 88,36 17,35 55,68 -00,00 45,03 43,70 07,78 60,60 17,29 46,26 -00,00 08,59 00,00 04,97 24,71 57,87 08,57 00,00
193906	63,40 61,92 09,39 88,26 14,82 63,56 -00,00 52,66 51,20 08,59 73,77 16,31 53,94 -00,00 07,78 00,00 04,37 19,10 56,20 07,57 00,00
193907	65,35 63,89 09,40 88,37 14,39 65,53 -00,00 55,69 54,71 07,23 52,32 12,99 56,32 -00,00 08,23 00,00 04,70 22,13 57,17 08,20 00,00
193908	66,47 65,44 07,97 63,46 11,98 67,37 -00,00 57,65 56,84 06,47 41,82 11,22 58,11 -00,00 06,55 00,00 04,05 16,37 61,78 06,19 00,00
193909	59,63 57,78 10,23 104,58 17,15 56,46 00,00 51,79 49,82 08,98 80,69 17,34 48,85 00,00 06,81 00,00 04,63 21,39 67,89 07,01 -00,00
193910	47,75 44,71 11,34 128,57 23,74 46,51 00,00 41,39 39,28 09,08 82,49 21,94 40,49 00,00 08,03 00,00 05,27 27,82 65,68 07,95 00,00
193911	44,02 41,22 11,11 123,45 25,24 43,21 00,00 37,66 35,45 09,23 85,16 24,50 36,93 00,00 09,57 00,00 06,95 48,37 72,66 10,33 -00,00
193912	33,61 00,00 15,57 242,28 46,31 30,11 00,00 27,71 00,00 12,43 154,50 44,85 24,11 00,00 08,56 00,00 06,00 35,98 70,07 08,12 00,00
