193001	44,16 0,00 43,63 4,92 24,25 0,11 40,69 0,00 40,15 4,79 22,97 0,12 12,98 0,00 8,47 6,48 42,01 0,50
193002	39,85 0,00 39,28 5,42 29,43 0,14 35,31 0,00 34,56 5,47 29,87 0,15 9,97 0,00 6,53 5,53 30,53 0,55
193003	43,27 0,00 42,47 6,20 38,49 0,14 38,45 0,00 37,48 6,11 37,33 0,16 10,20 0,00 0,00 5,31 28,15 0,52
193004	46,60 0,00 46,25 4,29 18,37 0,09 42,06 0,00 41,57 4,60 21,13 0,11 11,33 0,00 0,00 6,57 43,14 0,58
193005	51,24 0,00 50,69 5,85 34,25 0,11 46,22 0,00 45,73 4,69 21,99 0,10 8,58 0,00 0,00 4,56 20,75 0,53
193006	57,70 0,00 57,39 4,38 19,20 0,08 52,06 0,00 51,75 4,00 16,04 0,08 8,09 0,00 0,00 4,16 17,29 0,51
193007	58,30 0,00 58,11 3,42 11,66 0,06 53,47 0,00 53,28 3,19 10,15 0,06 9,95 0,00 0,00 5,04 25,40 0,51
193008	58,92 0,00 58,67 4,04 16,28 0,07 54,70 0,00 54,44 3,85 14,84 0,07 10,22 0,00 0,00 5,41 29,25 0,53
193009	57,15 0,00 56,76 5,06 25,57 0,09 53,10 0,00 52,73 4,36 19,05 0,08 10,54 0,00 0,00 6,58 43,30 0,62
193010	51,52 0,00 51,09 4,62 21,33 0,09 47,62 0,00 46,94 5,58 31,14 0,12 12,60 0,00 0,00 6,41 41,08 0,51
193011	46,14 0,00 45,28 6,24 38,94 0,14 42,09 0,00 41,02 6,47 41,86 0,15 12,80 0,00 0,00 6,79 46,14 0,53
193012	44,31 0,00 43,53 6,18 38,20 0,14 41,35 0,00 40,69 5,38 29,00 0,13 11,13 0,00 6,08 7,40 54,81 0,67
