194901	31,45 00,00 26,35 694,36 83,78 31,02 00,00 28,76 00,00 22,77 518,27 79,15 28,32 00,00 08,46 00,00 06,12 37,40 72,33 08,32 00,00
194902	33,79 00,00 26,15 683,84 77,39 35,22 -00,00 30,98 00,00 22,31 497,95 72,03 32,70 -00,00 08,21 00,00 05,71 32,57 69,49 08,33 -00,00
194903	40,30 00,00 22,44 503,46 55,68 42,27 -00,00 35,35 00,00 18,00 323,85 50,91 36,99 -00,00 08,43 00,00 05,39 29,06 63,95 08,55 -00,00
194904	50,35 00,00 17,76 315,54 35,28 52,29 -00,00 40,54 00,00 15,95 254,48 39,35 41,95 -00,00 08,16 00,00 04,82 23,26 59,10 08,14 00,00
194905	59,73 55,29 14,65 214,77 24,54 60,41 -00,00 49,40 00,00 13,90 193,09 28,13 50,00 -00,00 07,71 00,00 04,41 19,47 57,26 07,58 00,00
194906	66,58 63,61 12,95 167,82 19,46 67,43 -00,00 55,28 51,72 13,23 175,09 23,93 56,22 -00,00 07,23 00,00 04,00 16,03 55,39 07,25 -00,00
194907	71,02 68,66 11,86 140,70 16,70 71,13 -00,00 59,52 56,60 12,24 149,76 20,56 59,84 -00,00 06,63 00,00 03,95 15,58 59,51 06,69 -00,00
194908	69,11 66,77 11,69 136,70 16,92 68,30 00,00 57,94 54,95 12,11 146,57 20,89 57,55 00,00 06,35 00,00 04,00 15,97 62,89 06,35 00,00
194909	60,99 00,00 13,19 173,98 21,63 59,60 00,00 53,14 49,25 12,96 168,06 24,39 51,80 00,00 06,73 00,00 04,40 19,32 65,36 06,74 -00,00
194910	51,88 00,00 16,64 276,83 32,07 49,87 00,00 47,25 41,43 15,57 242,58 32,96 45,42 00,00 07,40 00,00 05,24 27,45 70,76 07,41 -00,00
194911	40,69 00,00 22,43 503,15 55,13 39,29 00,00 37,58 00,00 15,99 255,84 42,57 37,01 00,00 07,60 00,00 05,51 30,35 72,46 07,63 -00,00
194912	30,74 00,00 28,26 798,44 91,93 29,74 00,00 32,02 00,00 20,82 433,56 65,03 31,80 00,00 08,07 00,00 05,88 34,55 72,87 07,92 00,00
