195401	29,68 00,00 27,15 737,39 91,48 29,09 00,00 22,28 00,00 26,09 680,85 117,13 21,89 00,00 07,97 00,00 05,76 33,17 72,28 08,03 -00,00
195402	34,22 00,00 26,34 693,86 76,97 35,31 -00,00 25,04 00,00 24,46 598,30 97,69 26,00 -00,00 08,00 00,00 05,42 29,34 67,69 08,20 -00,00
195403	40,23 00,00 21,68 470,09 53,90 42,11 -00,00 30,08 00,00 20,89 436,54 69,46 32,03 -00,00 08,46 00,00 05,36 28,78 63,38 08,36 00,00
195404	50,49 00,00 17,80 316,83 35,25 51,88 -00,00 38,90 00,00 18,09 327,19 46,50 40,13 -00,00 08,13 00,00 04,82 23,28 59,31 08,02 00,00
195405	57,66 00,00 14,09 198,63 24,44 59,08 -00,00 44,62 00,00 14,69 215,74 32,92 45,92 -00,00 07,57 00,00 04,49 20,17 59,36 07,40 00,00
195406	66,12 63,06 12,94 167,42 19,57 67,62 -00,00 53,58 00,00 12,83 164,64 23,95 54,98 -00,00 07,26 00,00 04,33 18,76 59,69 07,06 00,00
195407	69,97 00,00 12,64 159,79 18,07 70,22 -00,00 57,53 54,54 11,19 125,23 19,45 57,80 -00,00 06,77 00,00 04,12 16,96 60,85 06,74 00,00
195408	69,02 00,00 12,54 157,17 18,16 68,51 00,00 57,42 00,00 11,96 143,11 20,83 57,19 00,00 06,63 00,00 04,19 17,54 63,20 06,64 -00,00
195409	63,78 00,00 14,12 199,33 22,14 62,24 00,00 52,22 00,00 13,88 192,57 26,58 50,73 00,00 07,03 00,00 04,71 22,19 66,96 07,17 -00,00
195410	54,49 48,03 16,38 268,43 30,07 53,02 00,00 44,60 00,00 16,40 268,82 36,76 43,13 00,00 07,41 00,00 05,00 25,00 67,52 07,47 -00,00
195411	44,48 00,00 20,97 439,64 47,14 42,70 00,00 35,70 00,00 19,99 399,55 56,00 34,06 00,00 07,44 00,00 05,39 29,10 72,53 07,70 -00,00
195412	35,36 00,00 25,24 637,16 71,39 34,91 00,00 27,49 00,00 24,21 586,14 88,07 27,06 00,00 08,02 00,00 05,86 34,39 73,12 08,08 -00,00
