194801	30,78 00,00 28,10 789,35 91,27 28,40 00,00 27,11 00,00 22,56 508,78 83,21 25,09 00,00 08,09 00,00 05,61 31,52 69,44 07,98 00,00
194802	32,45 00,00 27,70 767,56 85,39 33,97 -00,00 30,20 00,00 23,32 543,93 77,22 32,11 -00,00 08,34 00,00 05,60 31,41 67,22 08,59 -00,00
194803	39,20 00,00 24,64 606,97 62,85 42,46 -00,00 34,46 00,00 22,25 494,85 64,55 36,54 -00,00 09,01 00,00 05,71 32,56 63,32 09,19 -00,00
194804	51,57 00,00 17,79 316,60 34,50 52,81 -00,00 42,54 00,00 16,98 288,43 39,92 43,43 -00,00 08,96 00,00 05,14 26,43 57,38 08,86 00,00
194805	59,09 53,80 14,57 212,27 24,66 60,51 -00,00 48,34 00,00 14,53 211,08 30,05 49,69 -00,00 07,94 00,00 04,34 18,83 54,63 07,69 00,00
194806	66,18 63,43 12,45 155,07 18,82 67,04 -00,00 55,49 52,58 12,12 146,90 21,84 56,48 -00,00 07,31 00,00 04,00 16,02 54,75 07,39 -00,00
194807	70,29 67,95 11,77 138,50 16,74 70,47 -00,00 58,56 55,55 12,28 150,87 20,98 59,05 -00,00 07,11 00,00 03,81 14,50 53,55 07,14 -00,00
194808	69,24 66,81 11,92 142,08 17,21 69,38 -00,00 57,77 54,73 12,23 149,56 21,17 57,66 00,00 06,60 00,00 03,74 14,02 56,70 06,61 -00,00
194809	63,55 59,78 13,76 189,33 21,65 61,85 00,00 52,46 48,15 13,62 185,51 25,96 51,28 00,00 06,94 00,00 04,26 18,17 61,46 07,11 -00,00
194810	53,76 45,56 16,25 264,22 30,24 51,93 00,00 43,91 00,00 15,05 226,49 34,27 42,86 00,00 07,28 00,00 04,66 21,76 64,10 07,16 00,00
194811	41,92 00,00 22,60 510,62 53,90 39,66 00,00 37,32 32,54 19,13 366,06 51,27 35,28 00,00 07,98 00,00 05,37 28,82 67,31 07,90 00,00
194812	32,91 00,00 27,35 747,83 83,10 30,83 00,00 31,05 00,00 21,52 463,10 69,30 30,02 00,00 08,09 00,00 05,61 31,49 69,38 08,06 00,00
