195601	30,18 00,00 29,48 868,83 97,68 29,75 00,00 22,65 00,00 28,12 790,88 124,16 22,50 00,00 08,11 00,00 06,20 38,44 76,45 08,26 -00,00
195602	28,63 00,00 29,47 868,53 102,94 29,48 -00,00 21,00 00,00 28,16 793,14 134,11 21,53 -00,00 08,07 00,00 05,94 35,24 73,58 08,20 -00,00
195603	37,62 00,00 25,00 624,78 66,45 38,95 -00,00 27,85 00,00 23,93 572,62 85,92 28,60 -00,00 08,45 00,00 05,77 33,30 68,31 08,22 00,00
195604	47,73 00,00 19,79 391,66 41,46 49,36 -00,00 36,50 00,00 19,40 376,53 53,17 38,03 -00,00 08,27 00,00 05,08 25,83 61,49 08,15 00,00
195605	58,54 00,00 15,77 248,61 26,93 60,04 -00,00 46,56 00,00 15,86 251,62 34,07 47,78 -00,00 07,78 00,00 04,64 21,49 59,59 07,72 00,00
195606	65,25 64,39 14,16 200,65 21,71 65,99 -00,00 53,67 49,64 13,14 172,63 24,48 54,65 -00,00 07,33 00,00 04,37 19,09 59,60 07,38 -00,00
195607	68,65 63,94 13,31 177,16 19,39 69,03 -00,00 57,98 55,71 11,98 143,45 20,66 58,37 -00,00 06,93 00,00 04,21 17,75 60,80 06,86 00,00
195608	67,61 64,26 13,78 189,77 20,38 67,26 00,00 56,79 51,22 12,75 162,55 22,45 56,60 00,00 06,79 00,00 04,35 18,88 63,99 06,75 00,00
195609	62,62 00,00 15,00 225,01 23,95 61,21 00,00 51,18 00,00 15,15 229,59 29,60 49,58 00,00 06,84 00,00 04,72 22,32 69,06 06,95 -00,00
195610	53,25 00,00 18,39 338,35 34,54 51,62 00,00 42,85 00,00 18,46 340,63 43,07 41,57 00,00 07,34 00,00 05,23 27,31 71,18 07,48 -00,00
195611	40,00 00,00 23,15 535,83 57,86 37,91 00,00 30,01 00,00 22,70 515,44 75,66 27,73 00,00 07,63 00,00 05,65 31,91 74,05 07,81 -00,00
195612	32,90 00,00 27,09 733,79 82,34 32,03 00,00 24,81 00,00 26,27 690,24 105,88 24,09 00,00 07,58 00,00 05,89 34,73 77,78 07,48 00,00
