194001	20,43 00,00 18,09 327,15 88,52 20,39 00,00 13,88 00,00 14,77 218,08 106,40 13,77 00,00 07,40 00,00 05,73 32,78 77,36 07,72 -00,00
194002	27,52 00,00 19,49 379,92 70,84 30,35 -00,00 20,84 00,00 16,61 275,99 79,73 23,32 -00,00 08,20 00,00 05,62 31,62 68,61 08,42 -00,00
194003	39,98 36,11 14,72 216,76 36,83 41,74 -00,00 32,16 27,44 11,87 140,94 36,91 33,88 -00,00 10,33 00,00 06,39 40,89 61,91 09,86 00,00
194004	49,30 46,54 12,30 151,31 24,95 51,74 -00,00 38,41 35,54 10,56 111,62 27,50 40,44 -00,00 09,16 00,00 05,42 29,33 59,12 09,15 00,00
194005	56,92 55,06 09,81 96,32 17,24 58,33 -00,00 46,30 44,53 09,03 81,56 19,51 47,95 -00,00 08,03 00,00 05,03 25,27 62,62 07,62 00,00
194006	64,43 63,23 08,32 69,29 12,92 64,90 -00,00 52,78 51,58 07,92 62,74 15,01 53,61 -00,00 06,94 00,00 04,00 16,03 57,66 06,96 -00,00
194007	64,56 63,35 08,74 76,38 13,54 63,74 00,00 55,89 54,94 07,23 52,32 12,94 55,66 00,00 07,67 00,00 04,32 18,70 56,38 08,00 -00,00
194008	62,07 60,63 09,44 89,20 15,22 60,18 00,00 54,03 52,77 08,26 68,19 15,28 52,90 00,00 08,20 00,00 05,38 28,96 65,65 08,86 -00,00
194009	58,15 56,63 09,52 90,69 16,38 56,60 00,00 51,01 49,77 07,94 63,09 15,57 50,02 00,00 08,25 00,00 05,51 30,39 66,82 08,48 -00,00
194010	49,74 46,66 12,33 151,96 24,78 46,82 00,00 43,14 40,21 10,62 112,82 24,62 40,21 00,00 07,63 00,00 05,29 27,98 69,30 07,29 00,00
194011	44,83 00,00 12,40 153,82 27,66 43,76 00,00 38,57 33,98 10,40 108,06 26,95 37,69 00,00 10,21 00,00 07,07 49,96 69,20 09,45 00,00
194012	33,41 00,00 17,89 320,13 53,55 32,27 00,00 27,41 00,00 14,75 217,56 53,80 26,44 00,00 09,11 00,00 06,74 45,41 73,96 08,85 00,00
