195101	28,28 00,00 28,10 789,84 99,39 27,87 00,00 21,44 00,00 25,94 672,88 121,01 20,62 00,00 08,20 00,00 05,68 32,29 69,29 08,26 -00,00
195102	29,72 00,00 27,85 775,67 93,70 31,30 -00,00 22,51 00,00 26,18 685,31 116,30 24,14 -00,00 08,12 00,00 05,71 32,64 70,32 08,22 -00,00
195103	37,89 00,00 22,92 525,26 60,49 39,76 -00,00 27,90 00,00 21,58 465,88 77,36 29,31 -00,00 08,83 00,00 05,59 31,20 63,27 08,73 00,00
195104	49,75 00,00 16,77 281,16 33,71 51,47 -00,00 37,35 00,00 16,21 262,68 43,39 38,70 -00,00 08,34 00,00 04,87 23,67 58,31 08,45 -00,00
195105	58,67 54,26 14,26 203,22 24,30 60,07 -00,00 44,84 40,84 14,03 196,79 31,28 46,20 -00,00 07,90 00,00 04,45 19,82 56,32 07,89 00,00
195106	65,40 63,19 12,59 158,38 19,24 66,57 -00,00 52,11 48,60 12,91 166,66 24,77 53,19 -00,00 07,20 00,00 03,94 15,49 54,66 07,21 -00,00
195107	70,71 68,55 11,87 140,87 16,78 71,28 -00,00 57,63 55,20 11,57 133,82 20,07 58,45 -00,00 06,72 00,00 03,86 14,88 57,40 06,52 00,00
195108	69,53 00,00 12,29 150,96 17,67 68,93 00,00 57,36 54,91 11,85 140,46 20,66 56,98 00,00 06,53 00,00 03,84 14,75 58,81 06,55 -00,00
195109	63,49 59,84 13,72 188,31 21,61 61,90 00,00 51,73 47,04 13,84 191,51 26,75 50,34 00,00 06,85 00,00 04,20 17,67 61,36 06,95 -00,00
195110	52,84 00,00 17,28 298,69 32,71 50,95 00,00 43,14 00,00 16,46 271,10 38,17 41,73 00,00 07,14 00,00 04,72 22,27 66,10 07,22 -00,00
195111	40,78 00,00 21,25 451,43 52,10 39,85 00,00 32,59 00,00 20,23 409,29 62,08 32,07 00,00 08,06 00,00 05,38 28,96 66,78 08,06 -00,00
195112	35,70 00,00 24,84 617,15 69,60 34,06 00,00 28,45 00,00 23,72 562,56 83,36 27,02 00,00 08,30 00,00 05,59 31,20 67,31 08,24 00,00
