193401	25,56 0,00 0,00 19,56 382,55 0,77 36,35 0,00 35,87 6,65 44,23 0,18 9,52 0,00 0,00 7,25 52,56 0,76
193402	28,95 0,00 0,00 16,27 264,64 0,56 35,86 0,00 35,18 6,28 39,47 0,18 9,45 0,00 0,00 7,18 51,52 0,76
193403	31,39 0,00 0,00 17,24 297,39 0,55 36,60 0,00 38,06 4,73 22,39 0,13 8,88 0,00 0,00 6,11 37,30 0,69
193404	42,46 0,00 32,38 13,04 170,09 0,31 40,64 0,00 43,72 6,33 40,01 0,16 9,52 0,00 0,00 6,01 36,16 0,63
193405	54,91 0,00 52,85 9,88 97,60 0,18 45,55 0,00 44,86 5,54 30,72 0,12 8,49 0,00 0,00 5,18 26,84 0,61
193406	61,39 0,00 60,33 7,90 62,38 0,13 50,74 0,00 50,19 5,09 25,90 0,10 7,56 0,00 0,00 4,56 20,77 0,60
193407	65,40 0,00 64,17 8,70 75,70 0,13 55,01 0,00 54,69 4,08 16,63 0,07 7,21 0,00 0,00 4,41 19,41 0,61
193408	63,70 0,00 62,71 8,04 64,71 0,13 54,01 0,00 53,70 3,93 15,45 0,07 7,45 0,00 0,00 4,79 22,96 0,64
193409	55,67 0,00 53,67 10,12 102,47 0,18 52,67 0,00 51,95 5,56 30,90 0,11 8,22 0,00 0,00 5,50 30,21 0,67
193410	47,89 0,00 44,99 10,35 107,14 0,22 46,67 0,00 45,91 5,79 33,50 0,12 9,67 0,00 0,00 6,49 42,07 0,67
193411	35,74 0,00 0,00 13,99 195,76 0,39 40,19 0,00 39,60 5,52 30,51 0,14 8,03 0,00 0,00 6,10 37,20 0,76
193412	31,21 0,00 0,00 19,83 393,37 0,64 42,21 0,00 40,43 7,06 49,87 0,17 9,41 0,00 0,00 6,94 48,21 0,74
