195301	32,51 00,00 26,17 685,13 80,52 33,11 -00,00 25,19 00,00 24,73 611,50 98,15 25,55 -00,00 08,16 00,00 05,75 33,03 70,45 08,36 -00,00
195302	34,13 00,00 24,76 612,82 72,52 35,90 -00,00 25,39 00,00 23,38 546,79 92,09 26,86 -00,00 08,49 00,00 05,70 32,49 67,10 08,56 -00,00
195303	42,67 00,00 20,67 427,25 48,44 44,00 -00,00 32,34 00,00 19,75 390,12 61,07 33,16 -00,00 08,54 00,00 05,39 29,04 63,11 08,61 -00,00
195304	50,22 00,00 15,65 245,05 31,17 51,50 -00,00 37,76 00,00 15,85 251,17 41,97 38,55 -00,00 08,36 00,00 04,96 24,63 59,38 08,47 -00,00
195305	58,92 00,00 14,40 207,50 24,45 60,59 -00,00 46,44 00,00 15,00 225,00 32,30 48,12 -00,00 07,88 00,00 04,53 20,49 57,47 07,94 -00,00
195306	67,19 64,18 12,85 165,22 19,13 68,44 -00,00 54,60 00,00 12,88 165,81 23,58 55,77 -00,00 07,24 00,00 04,22 17,84 58,30 07,16 00,00
195307	70,98 68,69 11,70 136,86 16,48 71,35 -00,00 58,46 00,00 11,54 133,11 19,74 58,90 -00,00 06,77 00,00 04,02 16,20 59,45 06,69 00,00
195308	69,29 66,12 12,08 145,86 17,43 68,87 00,00 57,00 00,00 11,78 138,68 20,66 56,50 00,00 06,57 00,00 04,00 16,00 60,87 06,59 -00,00
195309	63,33 59,38 13,66 186,46 21,56 62,20 00,00 50,12 00,00 13,67 186,86 27,27 49,04 00,00 07,00 00,00 04,46 19,87 63,70 07,04 -00,00
195310	54,05 00,00 16,52 272,92 30,57 52,31 00,00 43,10 00,00 16,00 256,06 37,13 42,10 00,00 06,74 00,00 04,58 20,97 67,98 06,67 00,00
195311	41,60 00,00 21,73 472,24 52,24 40,59 00,00 32,79 00,00 20,51 420,72 62,55 32,17 00,00 07,44 00,00 05,31 28,19 71,41 07,44 -00,00
195312	35,32 00,00 23,09 533,18 65,38 33,80 00,00 27,55 00,00 22,08 487,45 80,15 26,04 00,00 07,65 00,00 05,37 28,80 70,15 07,44 00,00
