195501	32,08 00,00 25,47 648,94 79,42 32,01 00,00 24,89 00,00 24,28 589,66 97,57 24,56 00,00 07,91 00,00 05,74 32,98 72,63 07,80 00,00
195502	32,77 00,00 28,15 792,48 85,90 33,30 -00,00 25,07 00,00 26,90 723,49 107,27 25,40 -00,00 08,08 00,00 05,71 32,64 70,72 08,19 -00,00
195503	39,05 00,00 25,28 639,14 64,74 40,39 -00,00 29,54 00,00 24,33 591,74 82,35 30,45 -00,00 08,40 00,00 05,54 30,73 65,96 08,47 -00,00
195504	49,32 00,00 19,93 397,18 40,41 50,71 -00,00 37,49 00,00 19,77 391,01 52,75 38,55 -00,00 08,19 00,00 05,06 25,63 61,81 08,21 -00,00
195505	57,96 00,00 15,76 248,50 27,20 58,78 -00,00 45,61 00,00 15,75 247,99 34,53 46,59 -00,00 07,94 00,00 04,78 22,88 60,21 07,91 00,00
195506	64,58 61,07 13,06 170,47 20,22 65,69 -00,00 52,44 48,50 12,67 160,51 24,16 53,66 -00,00 07,12 00,00 04,28 18,31 60,08 07,01 00,00
195507	69,96 67,14 12,57 158,02 17,97 70,41 -00,00 58,86 55,92 12,25 150,05 20,81 59,57 -00,00 06,70 00,00 04,16 17,27 62,01 06,58 00,00
195508	68,95 00,00 12,77 163,01 18,52 68,14 00,00 57,99 55,17 12,36 152,66 21,31 57,22 00,00 06,46 00,00 04,23 17,89 65,44 06,50 -00,00
195509	62,06 56,51 15,16 229,89 24,43 60,58 00,00 51,38 46,07 14,84 220,08 28,87 50,40 00,00 06,74 00,00 04,50 20,24 66,75 06,95 -00,00
195510	52,50 00,00 17,61 310,23 33,55 50,92 00,00 42,28 00,00 17,46 304,69 41,28 40,65 00,00 07,43 00,00 05,27 27,76 70,95 07,51 -00,00
195511	41,02 00,00 23,29 542,60 56,78 39,62 00,00 32,23 00,00 22,62 511,70 70,18 30,94 00,00 07,88 00,00 05,61 31,47 71,22 08,05 -00,00
195512	33,03 00,00 27,98 782,78 84,70 32,38 00,00 25,27 00,00 26,93 725,10 106,55 24,66 00,00 08,14 00,00 05,96 35,58 73,25 08,15 -00,00
