194601	45,08 00,00 28,20 795,02 62,55 44,54 00,00 36,10 00,00 25,73 661,83 71,27 35,22 00,00 08,25 00,00 05,29 27,96 64,13 08,38 -00,00
194602	45,58 00,00 28,47 810,37 62,46 46,42 -00,00 35,26 00,00 25,39 644,41 72,00 36,20 -00,00 08,74 00,00 05,53 30,54 63,23 08,72 00,00
194603	50,81 00,00 25,36 643,03 49,91 51,75 -00,00 40,33 00,00 23,66 559,73 58,66 41,33 -00,00 08,68 00,00 05,20 27,09 59,97 08,61 00,00
194604	56,41 00,00 20,95 438,77 37,13 57,43 -00,00 44,69 00,00 20,07 402,90 44,91 45,75 -00,00 08,30 00,00 04,88 23,79 58,77 08,20 00,00
194605	61,57 55,03 15,25 232,70 24,78 62,41 -00,00 51,38 46,55 15,16 229,96 29,51 52,42 -00,00 07,81 00,00 04,35 18,91 55,70 07,79 00,00
194606	67,42 63,96 13,76 189,32 20,41 68,25 -00,00 57,10 53,60 13,22 174,84 23,16 58,17 -00,00 07,76 00,00 04,31 18,61 55,57 07,64 00,00
194607	70,71 68,02 12,61 159,13 17,84 70,84 -00,00 60,58 58,11 11,59 134,38 19,14 60,57 00,00 07,17 00,00 04,01 16,07 55,89 07,19 -00,00
194608	69,85 67,05 13,00 168,91 18,61 68,97 00,00 59,93 57,26 11,92 142,05 19,89 59,35 00,00 07,04 00,00 03,92 15,36 55,66 06,95 00,00
194609	66,00 61,48 14,54 211,50 22,03 65,06 00,00 56,45 51,92 14,38 206,79 25,47 55,62 00,00 07,10 00,00 04,25 18,06 59,84 07,12 -00,00
194610	58,80 53,65 17,42 303,39 29,62 58,26 00,00 49,29 40,12 16,87 284,73 34,24 48,95 00,00 07,73 00,00 04,99 24,95 64,65 07,78 -00,00
194611	49,46 00,00 24,18 584,87 48,90 48,14 00,00 40,46 00,00 23,15 535,78 57,21 39,19 00,00 07,80 00,00 05,20 27,03 66,65 07,71 00,00
194612	42,56 00,00 29,78 886,92 69,97 41,77 00,00 34,10 00,00 27,20 740,06 79,78 33,32 00,00 07,85 00,00 05,49 30,18 69,96 07,89 -00,00
