193601	26,87 0,00 0,00 19,92 396,92 0,74 33,87 0,00 31,58 7,38 54,43 0,22 9,41 0,00 0,00 7,12 50,74 0,76
193602	32,63 0,00 31,39 10,92 119,23 0,33 28,91 0,00 0,00 10,58 111,99 0,37 9,85 0,00 0,00 6,59 43,46 0,67
193603	31,98 0,00 0,00 18,14 328,92 0,57 35,66 0,00 37,02 7,62 58,02 0,21 8,18 0,00 0,00 6,16 37,99 0,75
193604	41,14 0,00 0,00 13,37 178,69 0,32 37,41 0,00 35,74 7,69 59,14 0,21 9,24 0,00 0,00 6,08 36,92 0,66
193605	52,63 0,00 0,00 12,33 151,94 0,23 46,93 0,00 45,97 6,25 39,02 0,13 8,01 0,00 0,00 5,19 26,95 0,65
193606	62,70 0,00 60,28 11,52 132,62 0,18 52,06 0,00 50,91 7,09 50,26 0,14 7,35 0,00 0,00 4,70 22,05 0,64
193607	65,31 0,00 63,37 10,60 112,44 0,16 55,50 0,00 54,82 5,76 33,16 0,10 7,90 0,00 0,00 5,25 27,53 0,66
193608	62,94 0,00 61,20 9,98 99,64 0,16 54,35 0,00 52,02 6,37 40,60 0,12 7,33 0,00 0,00 5,25 27,52 0,72
193609	56,24 0,00 54,55 9,25 85,62 0,16 49,80 0,00 48,41 7,69 59,20 0,15 8,12 0,00 0,00 6,08 37,02 0,75
193610	45,03 0,00 41,12 11,20 125,51 0,25 40,17 0,00 37,60 8,35 69,66 0,21 9,55 0,00 0,00 7,15 51,16 0,75
193611	39,56 0,00 0,00 11,06 122,29 0,28 35,84 0,00 36,53 9,22 85,08 0,26 9,81 0,00 0,00 7,55 56,93 0,77
193612	35,62 0,00 27,61 11,06 122,43 0,31 32,27 0,00 0,00 8,64 74,62 0,27 10,91 0,00 0,00 8,30 68,90 0,76
