194701	40,02 00,00 30,38 923,14 75,92 40,19 -00,00 32,05 00,00 26,75 715,73 83,46 32,46 -00,00 08,31 00,00 05,67 32,19 68,29 08,34 -00,00
194702	40,39 00,00 27,65 764,77 68,46 41,55 -00,00 30,08 00,00 24,04 577,83 79,92 31,11 -00,00 08,94 00,00 06,18 38,15 69,06 08,87 00,00
194703	46,44 00,00 23,14 535,50 49,83 47,97 -00,00 35,69 00,00 21,28 452,97 59,63 36,76 -00,00 08,88 00,00 05,59 31,20 62,87 09,02 -00,00
194704	54,58 00,00 20,43 417,45 37,43 55,37 -00,00 44,05 00,00 19,37 375,22 43,97 44,79 -00,00 08,89 00,00 05,20 27,02 58,44 08,77 00,00
194705	61,20 53,93 16,24 263,60 26,53 61,99 -00,00 50,81 44,53 15,70 246,62 30,91 51,98 -00,00 08,12 00,00 04,55 20,69 55,98 07,99 00,00
194706	66,57 62,77 14,32 205,02 21,51 67,24 -00,00 56,62 52,64 13,97 195,25 24,68 57,41 -00,00 07,87 00,00 04,46 19,87 56,66 07,73 00,00
194707	70,15 67,20 13,09 171,37 18,66 70,55 -00,00 59,63 56,89 11,96 143,00 20,05 60,00 -00,00 07,17 00,00 03,98 15,80 55,43 07,11 00,00
194708	69,68 66,05 14,48 209,62 20,78 69,22 00,00 59,98 56,55 13,19 174,03 21,99 59,88 00,00 06,99 00,00 03,93 15,41 56,12 06,89 00,00
194709	65,06 59,78 16,16 261,28 24,85 63,42 00,00 54,41 49,21 15,43 238,21 28,37 52,66 00,00 07,57 00,00 04,66 21,68 61,51 07,81 -00,00
194710	58,27 49,45 18,44 340,11 31,65 57,25 00,00 48,38 00,00 17,45 304,41 36,07 47,64 00,00 07,53 00,00 05,06 25,58 67,15 07,53 00,00
194711	47,35 00,00 21,95 481,80 46,36 45,88 00,00 38,27 00,00 20,42 417,16 53,38 37,06 00,00 08,11 00,00 05,30 28,09 65,33 08,03 00,00
194712	41,23 00,00 26,01 676,73 63,09 40,24 00,00 32,08 00,00 23,57 555,68 73,48 30,58 00,00 08,22 00,00 05,76 33,22 70,11 08,26 -00,00
