193301	25,11 00,00 20,41 416,47 81,28 22,78 00,00 33,51 28,22 09,33 87,09 27,85 31,03 00,00 09,06 00,00 06,34 40,22 70,03 08,70 00,00
193302	26,48 00,00 20,77 431,45 78,43 25,74 00,00 34,58 31,87 09,13 83,32 26,40 32,27 00,00 09,71 00,00 06,80 46,17 69,96 09,63 00,00
193303	35,14 00,00 17,13 293,50 48,76 37,38 -00,00 39,06 37,98 05,86 34,35 15,01 38,59 00,00 09,51 00,00 06,10 37,21 64,17 09,33 00,00
193304	45,68 44,22 09,37 87,75 20,51 47,33 -00,00 40,95 39,65 06,69 44,78 16,34 40,93 00,00 07,94 00,00 04,95 24,53 62,38 07,82 00,00
193305	53,60 51,93 08,97 80,43 16,73 54,59 -00,00 46,23 45,74 04,50 20,26 09,74 46,62 -00,00 07,65 00,00 04,82 23,25 63,03 07,26 00,00
193306	61,21 60,23 07,89 62,29 12,89 61,51 -00,00 51,30 51,02 03,65 13,35 07,12 51,45 -00,00 07,64 04,95 04,71 22,15 61,57 07,72 -00,00
193307	66,70 65,87 07,71 59,42 11,56 66,82 -00,00 56,27 56,05 03,44 11,81 06,11 56,24 00,00 07,34 00,00 04,61 21,22 62,78 07,58 -00,00
193308	64,09 63,18 07,83 61,36 12,22 63,08 00,00 55,55 55,25 04,07 16,55 07,32 54,81 00,00 07,88 00,00 05,02 25,20 63,73 07,74 00,00
193309	56,91 55,21 09,15 83,74 16,08 55,13 00,00 52,44 51,85 05,24 27,41 09,98 52,52 -00,00 06,97 00,00 04,56 20,76 65,35 06,87 00,00
193310	46,67 42,73 11,07 122,62 23,73 44,53 00,00 45,83 44,79 06,69 44,72 14,59 43,85 00,00 08,91 00,00 06,40 41,01 71,84 09,68 -00,00
193311	35,09 00,00 16,50 272,15 47,01 31,95 00,00 38,75 37,85 05,63 31,70 14,53 37,65 00,00 08,69 00,00 06,07 36,88 69,92 08,77 -00,00
193312	23,55 00,00 20,64 425,85 87,63 23,50 00,00 31,45 25,15 09,53 90,91 30,32 32,90 -00,00 08,52 00,00 06,53 42,69 76,69 07,86 00,00
