195201	31,84 00,00 27,13 736,09 85,22 31,93 -00,00 25,10 00,00 25,34 642,17 100,96 24,83 00,00 08,32 00,00 05,75 33,07 69,11 08,34 -00,00
195202	33,00 00,00 25,46 648,06 77,13 32,58 00,00 25,06 00,00 23,74 563,45 94,72 24,59 00,00 07,96 00,00 05,41 29,29 67,96 07,74 00,00
195203	37,39 00,00 22,75 517,59 60,85 38,98 -00,00 28,13 00,00 21,18 448,42 75,27 29,27 -00,00 08,39 00,00 05,30 28,10 63,22 08,36 00,00
195204	50,00 00,00 17,57 308,58 35,13 52,00 -00,00 38,05 00,00 16,57 274,56 43,54 39,77 -00,00 07,81 00,00 04,73 22,33 60,52 07,63 00,00
195205	58,39 00,00 14,35 206,04 24,58 59,07 -00,00 45,09 00,00 14,18 201,15 31,46 46,22 -00,00 07,66 00,00 04,30 18,46 56,10 07,59 00,00
195206	66,88 63,91 13,02 169,63 19,47 67,76 -00,00 53,61 50,12 12,69 161,03 23,67 54,64 -00,00 07,39 00,00 04,19 17,52 56,63 07,36 00,00
195207	70,72 68,47 11,63 135,21 16,44 70,88 -00,00 57,50 55,11 10,99 120,73 19,11 57,73 -00,00 06,79 00,00 03,89 15,09 57,20 06,72 00,00
195208	69,28 66,85 11,98 143,52 17,29 68,51 00,00 57,05 54,54 11,23 126,04 19,68 56,37 00,00 06,54 00,00 03,93 15,47 60,10 06,67 -00,00
195209	62,16 60,02 13,98 195,34 22,48 60,87 00,00 50,10 46,17 12,98 168,37 25,90 48,94 00,00 06,91 00,00 04,33 18,75 62,65 06,90 00,00
195210	51,03 00,00 17,37 301,75 34,04 49,35 00,00 38,90 00,00 16,74 280,16 43,03 37,25 00,00 07,33 00,00 04,85 23,49 66,12 07,47 -00,00
195211	39,41 00,00 23,62 557,97 59,94 37,19 00,00 31,25 00,00 22,05 486,37 70,58 29,79 00,00 07,61 00,00 05,45 29,70 71,62 07,61 -00,00
195212	32,38 00,00 25,92 671,97 80,05 31,70 00,00 25,74 00,00 24,30 590,25 94,39 25,25 00,00 07,60 00,00 05,42 29,40 71,37 07,37 00,00
