194301	39,36 00,00 25,40 645,07 64,53 39,69 -00,00 33,35 00,00 23,34 544,94 70,01 33,80 -00,00 07,83 00,00 05,66 31,99 72,28 07,71 00,00
194302	44,30 00,00 22,08 487,75 49,86 44,74 -00,00 35,36 00,00 21,24 451,20 60,07 35,48 -00,00 08,49 00,00 05,94 35,33 70,05 08,08 00,00
194303	47,20 00,00 22,24 494,63 47,12 48,99 -00,00 36,72 00,00 21,61 467,10 58,86 37,95 -00,00 08,48 00,00 05,25 27,61 61,99 08,50 -00,00
194304	56,33 00,00 18,06 326,17 32,06 57,79 -00,00 43,83 00,00 17,58 309,03 40,11 45,17 -00,00 08,83 00,00 05,28 27,91 59,86 08,50 00,00
194305	62,33 56,36 15,45 238,69 24,79 63,34 -00,00 49,39 41,71 15,77 248,76 31,93 50,78 -00,00 07,95 00,00 04,41 19,44 55,43 07,69 00,00
194306	68,00 64,91 13,41 179,95 19,73 68,61 -00,00 56,12 52,43 13,39 179,27 23,86 56,50 -00,00 07,28 00,00 03,87 15,00 53,17 07,25 00,00
194307	71,51 69,27 11,82 139,81 16,53 72,40 -00,00 58,83 56,33 11,43 130,58 19,42 59,39 -00,00 06,78 00,00 03,72 13,82 54,81 06,57 00,00
194308	71,64 69,26 12,16 147,83 16,97 71,13 00,00 59,13 56,58 11,43 130,59 19,33 58,52 00,00 07,21 00,00 04,15 17,25 57,63 07,14 00,00
194309	65,79 62,64 13,33 177,75 20,26 64,59 00,00 54,75 50,93 13,51 182,48 24,67 53,86 00,00 06,74 00,00 04,00 16,03 59,36 06,80 -00,00
194310	58,40 53,19 15,53 241,13 26,59 56,94 00,00 48,64 00,00 15,30 234,06 31,45 47,57 00,00 06,70 00,00 04,26 18,15 63,62 06,75 -00,00
194311	49,05 00,00 19,07 363,71 38,88 48,15 00,00 39,88 00,00 18,52 343,13 46,45 39,27 00,00 07,31 00,00 04,98 24,83 68,15 07,44 -00,00
194312	43,14 00,00 22,64 512,41 52,48 42,31 00,00 36,24 00,00 22,09 487,99 60,96 35,50 00,00 07,19 00,00 05,03 25,30 70,00 07,25 -00,00
