194101	28,33 00,00 19,65 386,31 69,38 29,18 -00,00 22,04 00,00 16,15 260,89 73,29 22,73 -00,00 08,26 00,00 05,91 34,91 71,56 08,23 00,00
194102	35,82 00,00 16,65 277,14 46,48 37,05 -00,00 29,39 25,22 12,58 158,32 42,81 30,40 -00,00 08,31 00,00 05,62 31,53 67,53 08,32 -00,00
194103	41,64 00,00 13,91 193,43 33,40 41,06 00,00 33,25 29,20 11,22 125,92 33,75 32,79 00,00 09,30 00,00 05,94 35,34 63,95 09,45 -00,00
194104	47,11 44,31 12,69 161,14 26,95 47,95 -00,00 38,22 35,58 10,94 119,63 28,62 39,06 -00,00 09,12 00,00 05,57 31,00 61,07 08,99 00,00
194105	53,39 50,44 12,24 149,73 22,92 56,17 -00,00 43,48 40,12 11,75 137,99 27,02 46,21 -00,00 08,61 00,00 04,95 24,52 57,48 08,34 00,00
194106	62,85 61,31 09,54 91,05 15,18 64,20 -00,00 52,98 51,49 08,81 77,67 16,63 54,43 -00,00 07,20 00,00 04,66 21,68 64,67 07,04 00,00
194107	67,54 66,30 08,83 78,01 13,08 67,41 00,00 58,52 57,50 07,59 57,55 12,96 58,75 -00,00 06,75 00,00 03,91 15,27 57,94 06,59 00,00
194108	63,44 62,16 09,11 83,00 14,36 63,20 00,00 56,36 55,11 08,21 67,48 14,57 56,26 00,00 08,06 00,00 04,97 24,69 61,63 08,15 -00,00
194109	58,81 57,11 10,31 106,33 17,53 58,29 00,00 51,16 49,19 10,12 102,48 19,79 50,45 00,00 07,12 00,00 04,90 23,99 68,80 06,86 00,00
194110	51,99 47,93 13,72 188,36 26,40 49,34 00,00 45,90 42,19 12,75 162,44 27,77 43,47 00,00 08,72 00,00 05,88 34,55 67,40 09,25 -00,00
194111	42,46 36,52 16,40 268,92 38,62 42,27 00,00 35,44 00,00 14,73 216,88 41,56 34,82 00,00 08,62 00,00 06,72 45,15 77,98 08,10 00,00
194112	40,88 39,42 18,48 341,33 45,19 39,69 00,00 34,12 00,00 16,36 267,71 47,95 32,88 00,00 09,40 00,00 06,91 47,77 73,56 09,39 00,00
