193101	40,09 38,54 07,57 57,35 18,89 40,65 -00,00 36,46 34,67 07,36 54,17 20,19 36,84 -00,00 11,37 00,00 07,09 50,26 62,35 12,46 -00,00
193102	39,42 37,31 07,66 58,67 19,43 39,91 -00,00 35,48 31,20 07,99 63,80 22,51 36,01 -00,00 12,44 00,00 07,43 55,13 59,71 12,45 -00,00
193103	40,05 38,00 08,43 71,04 21,04 41,92 -00,00 34,83 31,59 09,24 85,31 26,52 36,73 -00,00 11,12 00,00 07,14 51,02 64,24 10,50 00,00
193104	45,88 45,31 05,25 27,53 11,44 46,45 -00,00 40,09 38,96 06,13 37,64 15,30 40,60 -00,00 10,68 06,63 06,11 37,37 57,24 10,78 -00,00
193105	54,50 53,51 07,92 62,65 14,52 55,94 -00,00 47,51 46,51 06,60 43,61 13,90 49,01 -00,00 08,99 00,00 05,09 25,95 56,64 08,95 00,00
193106	57,69 57,08 06,10 37,26 10,58 58,32 -00,00 51,25 50,63 05,33 28,37 10,39 51,23 00,00 08,97 06,32 04,60 21,13 51,25 08,67 00,00
193107	60,38 59,85 06,12 37,40 10,13 60,34 00,00 54,11 53,71 04,27 18,20 07,88 54,25 -00,00 08,93 00,00 04,73 22,38 52,96 09,09 -00,00
193108	59,25 58,69 06,11 37,27 10,30 58,19 00,00 53,14 52,47 05,48 30,02 10,31 52,09 00,00 09,37 00,00 05,98 35,81 63,85 09,62 -00,00
193109	54,16 53,74 05,00 25,03 09,24 53,67 00,00 48,79 48,08 05,69 32,36 11,66 48,40 00,00 07,78 00,00 05,11 26,12 65,73 07,27 00,00
193110	49,86 48,84 06,84 46,76 13,72 47,09 00,01 45,03 43,46 07,90 62,42 17,55 42,07 00,01 09,78 06,18 05,61 31,50 57,36 09,54 00,00
193111	46,78 45,23 07,16 51,30 15,31 45,13 00,00 42,88 40,05 07,78 60,49 18,14 41,47 00,00 11,31 00,00 06,85 46,85 60,50 10,72 00,00
193112	42,95 40,91 08,24 67,97 19,20 42,26 00,00 39,06 35,87 08,49 72,01 21,73 38,21 00,00 11,32 00,00 07,59 57,58 67,03 11,28 00,00
