194201	30,43 00,00 24,21 585,92 79,54 29,51 00,00 22,47 00,00 21,00 440,91 93,44 21,70 00,00 07,11 00,00 05,03 25,35 70,78 07,20 -00,00
194202	33,78 00,00 20,91 437,38 61,90 34,25 -00,00 25,50 00,00 17,70 313,26 69,42 25,80 -00,00 07,97 00,00 05,35 28,61 67,12 08,03 -00,00
194203	42,84 00,00 18,21 331,67 42,51 44,30 -00,00 32,52 23,68 15,83 250,70 48,69 33,18 -00,00 08,31 00,00 05,56 30,89 66,91 08,26 00,00
194204	51,85 43,22 14,83 219,81 28,60 52,81 -00,00 40,58 00,00 13,56 183,75 33,40 41,03 -00,00 09,57 00,00 05,60 31,39 58,56 09,54 00,00
194205	59,47 56,59 12,28 150,86 20,65 61,11 -00,00 48,58 44,85 12,64 159,71 26,02 50,44 -00,00 07,67 00,00 04,37 19,12 57,02 07,64 00,00
194206	64,13 61,96 11,69 136,59 18,22 64,24 -00,00 53,71 51,03 11,90 141,69 22,16 53,74 -00,00 07,18 00,00 04,02 16,15 55,99 07,26 -00,00
194207	67,87 65,81 11,69 136,58 17,22 67,65 00,00 58,24 56,47 10,03 100,53 17,22 58,44 -00,00 07,19 00,00 04,21 17,76 58,59 07,23 -00,00
194208	69,06 67,36 10,40 108,26 15,07 69,48 -00,00 58,99 56,93 10,37 107,55 17,58 59,13 -00,00 05,90 00,00 03,53 12,45 59,79 05,85 00,00
194209	65,18 62,71 11,85 140,46 18,18 63,70 00,00 55,15 51,94 12,49 156,12 22,65 53,52 00,00 06,80 00,00 04,17 17,40 61,37 07,05 -00,00
194210	58,67 54,56 13,94 194,31 23,76 57,47 00,00 49,35 44,32 13,58 184,47 27,52 48,49 00,00 07,13 00,00 04,71 22,16 66,04 07,37 -00,00
194211	49,18 00,00 20,60 424,30 41,88 47,57 00,00 40,45 00,00 19,08 363,89 47,16 38,82 00,00 07,36 00,00 04,96 24,57 67,33 07,66 -00,00
194212	43,54 00,00 24,05 578,27 55,23 43,29 00,00 35,98 00,00 22,03 485,54 61,25 36,04 -00,00 07,30 00,00 04,85 23,53 66,42 07,13 00,00
