193801	36,76 0,00 34,07 10,47 109,65 0,28 31,55 0,00 26,48 10,12 102,49 0,32 12,05 0,00 0,00 7,23 52,26 0,60
193802	37,03 0,00 37,28 9,80 96,08 0,26 30,66 0,00 0,00 9,61 92,33 0,31 10,86 0,00 0,00 7,09 50,31 0,65
193803	47,00 0,00 45,04 8,64 74,70 0,18 37,96 0,00 35,40 8,34 69,59 0,22 11,02 0,00 0,00 7,15 51,06 0,65
193804	45,44 0,00 40,56 9,93 98,55 0,22 36,71 0,00 30,91 9,32 86,95 0,25 10,46 0,00 0,00 6,60 43,60 0,63
193805	54,48 0,00 52,75 9,60 92,17 0,18 43,10 0,00 40,92 9,39 88,22 0,22 9,74 0,00 0,00 5,49 30,16 0,56
193806	62,59 0,00 61,31 8,75 76,48 0,14 52,57 0,00 51,56 7,18 51,50 0,14 9,61 0,00 6,33 5,76 33,19 0,60
193807	65,14 0,00 63,96 8,59 73,78 0,13 56,16 0,00 55,31 6,83 46,69 0,12 7,14 0,00 0,00 4,06 16,51 0,57
193808	66,70 0,00 65,35 9,16 83,88 0,14 57,31 0,00 56,25 7,39 54,59 0,13 8,01 0,00 0,00 5,04 25,39 0,63
193809	60,31 0,00 59,27 7,76 60,22 0,13 51,94 0,00 50,83 7,16 51,33 0,14 7,28 0,00 0,00 4,66 21,76 0,64
193810	51,15 0,00 49,59 8,75 76,53 0,17 44,57 0,00 0,00 7,46 55,60 0,17 10,08 0,00 0,00 6,99 48,88 0,69
193811	45,61 0,00 43,90 8,03 64,53 0,18 39,90 0,00 34,77 8,95 80,14 0,22 10,14 0,00 0,00 6,90 47,63 0,68
193812	33,02 0,00 0,00 12,64 159,74 0,38 27,85 0,00 0,00 12,34 152,32 0,44 10,64 0,00 0,00 6,82 46,46 0,64
