193701	20,85 00,00 19,27 371,45 92,43 17,96 00,00 26,19 00,00 13,72 188,14 52,37 23,64 00,00 10,54 00,00 08,36 69,87 79,32 10,60 -00,00
193702	25,12 00,00 18,25 333,24 72,68 25,39 -00,00 31,31 30,13 09,46 89,54 30,22 31,17 00,00 09,95 00,00 07,04 49,52 70,73 10,03 -00,00
193703	29,26 00,00 18,98 360,27 64,86 31,60 -00,00 32,51 30,16 08,20 67,18 25,21 32,86 -00,00 09,06 00,00 06,73 45,26 74,27 08,99 00,00
193704	42,35 00,00 14,07 198,10 33,23 43,77 -00,00 40,69 39,20 06,73 45,34 16,55 40,72 -00,00 08,71 00,00 05,93 35,14 68,09 08,72 -00,00
193705	55,08 49,08 12,77 163,14 23,19 56,91 -00,00 49,00 47,83 07,10 50,37 14,48 50,52 -00,00 08,03 00,00 05,13 26,36 63,95 08,06 -00,00
193706	62,18 59,61 11,36 129,11 18,27 62,77 -00,00 53,17 51,89 07,94 63,02 14,93 53,21 -00,00 07,64 00,00 04,87 23,73 63,76 07,43 00,00
193707	66,34 64,28 10,79 116,47 16,27 66,17 00,00 56,56 55,81 06,33 40,07 11,19 56,52 00,00 07,31 00,00 04,76 22,70 65,17 07,26 00,00
193708	65,18 63,23 10,44 109,04 16,02 64,17 00,00 57,43 56,48 06,91 47,79 12,04 57,28 00,00 06,51 00,00 04,43 19,62 68,02 06,52 -00,00
193709	58,01 55,18 11,48 131,69 19,78 56,54 00,00 51,24 50,24 06,93 48,04 13,53 49,90 00,00 07,49 00,00 05,42 29,34 72,34 07,52 -00,00
193710	46,97 00,00 11,78 138,76 25,08 45,74 00,00 45,07 43,50 07,20 51,90 15,98 44,20 00,00 07,56 00,00 05,61 31,43 74,11 07,62 -00,00
193711	34,19 00,00 16,04 257,31 46,92 31,80 00,00 35,21 32,84 08,55 73,02 24,27 33,22 00,00 08,41 00,00 06,38 40,67 75,82 08,49 -00,00
193712	24,59 00,00 20,10 404,11 81,74 23,39 00,00 29,22 00,00 09,90 97,95 33,87 28,64 00,00 08,38 00,00 06,37 40,60 76,07 08,12 00,00
