193201	42,34 0,00 39,69 8,94 79,89 0,21 40,29 0,00 37,90 8,12 66,01 0,20 12,06 0,00 0,00 7,55 57,08 0,63
193202	37,72 0,00 33,35 9,35 87,35 0,25 34,08 0,00 28,40 8,62 74,27 0,25 9,38 0,00 0,00 5,84 34,13 0,62
193203	40,33 0,00 37,69 8,06 65,03 0,20 35,70 0,00 33,47 8,03 64,55 0,23 9,89 0,00 0,00 5,87 34,47 0,59
193204	45,59 0,00 45,02 5,33 28,43 0,12 39,56 0,00 38,91 5,13 26,34 0,13 11,53 0,00 8,15 6,10 37,22 0,53
193205	52,49 0,00 51,60 7,22 52,16 0,14 46,46 0,00 45,62 6,02 36,28 0,13 8,63 0,00 0,00 4,72 22,29 0,55
193206	57,82 0,00 57,14 6,56 43,06 0,11 50,47 0,00 49,96 5,03 25,30 0,10 7,05 0,00 4,86 3,62 13,09 0,51
193207	62,49 0,00 61,87 6,53 42,62 0,10 55,69 0,00 55,24 4,78 22,87 0,09 7,77 0,00 0,00 4,47 19,96 0,58
193208	63,54 0,00 62,93 6,44 41,44 0,10 56,95 0,00 56,32 5,46 29,78 0,10 6,55 0,00 0,00 3,69 13,60 0,56
193209	57,88 0,00 57,15 6,62 43,79 0,11 51,71 0,00 50,70 6,90 47,63 0,13 9,36 0,00 0,00 5,51 30,31 0,59
193210	48,88 0,00 48,35 5,00 25,02 0,10 44,56 0,00 43,85 5,26 27,69 0,12 10,86 0,00 6,83 6,32 39,96 0,58
193211	44,87 0,00 43,96 6,09 37,13 0,14 41,36 0,00 40,40 5,95 35,38 0,14 10,70 0,00 0,00 6,77 45,79 0,63
193212	41,65 0,00 40,82 9,38 87,90 0,23 38,97 0,00 37,39 8,52 72,55 0,22 10,93 0,00 0,00 7,35 53,95 0,67
