194501	44,73 00,00 26,28 690,69 58,76 45,06 -00,00 35,52 00,00 24,15 583,10 67,98 35,59 -00,00 07,55 00,00 05,13 26,30 67,96 07,57 -00,00
194502	47,23 00,00 25,82 666,53 54,66 47,92 -00,00 37,32 00,00 24,08 579,99 64,52 37,92 -00,00 08,09 00,00 05,06 25,56 62,46 08,23 -00,00
194503	53,90 00,00 23,15 535,93 42,95 55,48 -00,00 42,18 00,00 22,16 491,18 52,54 43,25 -00,00 08,31 00,00 04,87 23,74 58,63 08,35 -00,00
194504	58,37 00,00 20,39 415,77 34,93 59,21 -00,00 46,27 00,00 20,23 409,37 43,73 47,32 -00,00 08,23 00,00 04,77 22,76 57,98 07,92 00,00
194505	63,65 56,42 16,30 265,54 25,60 65,00 -00,00 51,14 44,92 16,58 275,02 32,43 52,61 -00,00 07,78 00,00 04,39 19,24 56,38 07,75 00,00
194506	69,20 65,62 14,13 199,65 20,42 70,12 -00,00 57,60 52,98 14,77 218,30 25,65 58,62 -00,00 07,39 00,00 04,08 16,62 55,12 07,36 00,00
194507	72,08 69,47 12,44 154,69 17,25 72,48 -00,00 61,91 59,09 12,23 149,46 19,75 62,47 -00,00 06,78 00,00 03,63 13,18 53,52 06,80 -00,00
194508	71,98 69,40 12,30 151,32 17,09 71,72 00,00 61,84 58,96 12,20 148,95 19,74 61,51 00,00 06,84 00,00 03,88 15,02 56,66 06,88 -00,00
194509	68,87 64,88 14,37 206,58 20,87 67,74 00,00 58,77 53,92 14,75 217,67 25,10 57,98 00,00 07,37 00,00 04,39 19,25 59,51 07,51 -00,00
194510	61,40 00,00 16,14 260,66 26,29 60,45 00,00 51,16 45,16 16,34 266,87 31,93 49,99 00,00 07,11 00,00 04,35 18,94 61,20 07,24 -00,00
194511	53,46 00,00 23,72 562,70 44,37 51,82 00,00 43,51 00,00 22,71 515,58 52,19 41,78 00,00 07,74 00,00 04,94 24,43 63,87 07,68 00,00
194512	45,65 00,00 26,73 714,68 58,56 45,52 00,00 36,71 00,00 24,73 611,72 67,37 36,85 -00,00 07,79 00,00 05,10 26,02 65,51 07,80 -00,00
