193501	35,69 00,00 10,60 112,46 29,71 35,47 00,00 32,26 30,12 10,42 108,56 32,30 31,78 00,00 09,10 00,00 06,70 44,88 73,65 09,50 -00,00
193502	38,70 34,64 09,59 91,97 24,78 39,91 -00,00 33,69 00,00 09,61 92,42 28,53 34,45 -00,00 13,02 00,00 08,01 64,08 61,50 13,29 -00,00
193503	40,43 00,00 09,46 89,52 23,40 42,58 -00,00 34,41 34,26 09,55 91,23 27,76 36,36 -00,00 09,26 00,00 05,78 33,43 62,44 09,44 -00,00
193504	46,93 45,89 07,00 48,95 14,91 48,57 -00,00 40,24 39,38 05,61 31,45 13,94 41,75 -00,00 09,89 00,00 05,89 34,63 59,49 08,98 00,00
193505	52,80 49,90 10,93 119,40 20,70 54,27 -00,00 41,57 40,17 07,37 54,37 17,74 43,55 -00,00 08,78 00,00 05,61 31,42 63,86 08,83 -00,00
193506	62,86 61,27 09,31 86,76 14,82 63,91 -00,00 52,73 51,96 06,17 38,07 11,70 54,65 -00,00 07,88 00,00 04,60 21,19 58,39 07,68 00,00
193507	66,29 64,90 09,36 87,57 14,12 66,35 -00,00 53,96 53,52 04,77 22,72 08,83 53,35 00,00 07,69 00,00 04,81 23,16 62,58 07,76 -00,00
193508	65,14 63,86 09,20 84,56 14,12 64,23 00,00 53,37 52,79 05,30 28,04 09,92 53,15 00,00 06,48 00,00 03,99 15,95 61,67 06,69 -00,00
193509	56,73 55,03 09,25 85,59 16,31 55,71 00,00 50,13 48,79 06,59 43,46 13,15 49,40 00,00 08,67 00,00 06,15 37,79 70,94 09,17 -00,00
193510	46,69 00,00 12,77 163,18 27,36 44,15 00,00 43,99 41,60 07,51 56,38 17,07 42,37 00,00 09,05 00,00 06,62 43,83 73,14 09,71 -00,00
193511	32,66 00,00 18,46 340,69 56,52 30,63 00,00 39,08 36,64 07,24 52,45 18,53 38,08 00,00 08,49 00,00 06,26 39,13 73,70 08,65 -00,00
193512	28,44 00,00 17,83 317,76 62,68 28,16 00,00 32,45 29,30 07,92 62,68 24,40 33,00 -00,00 08,97 00,00 06,34 40,14 70,66 08,75 00,00
